AIMSum (Version 11.05.16, Standard)
Copyright (c) 1997-2011 by Todd A. Keith
AIMSum is a component of the AIMAll package ( http://aim.tkgristmill.com )

Much of the Quantum Theory of Atoms in Molecules (QTAIM) is described in the book:
  "Atoms in Molecules - A Quantum Theory"
  R.F.W. Bader, Oxford University Press, Oxford, 1990

For additional references see:  http://aim.tkgristmill.com/references.html

Wfx File:  /home/alberto/calc/xdm_xb/20_kozuch_bhah/NH3_NIS.wfx
Sum File:  /home/alberto/calc/xdm_xb/20_kozuch_bhah/NH3_NIS.sum

Wfx Title:   title                                                                         
 
Total memory allocated for AIMSum =        2.909 Megabytes

Atomic units (a.u.) used throughout, except where stated otherwise

Restricted, closed-shell, single-determinant wavefunction.
  Number of electrons (from MO Occs)                   =          84.0000000000
  Number of Alpha electrons (from MO Occs)             =          42.0000000000
  Number of Beta electrons (from MO Occs)              =          42.0000000000
  Number of electron pairs (N*(N-1)/2)                 =        3486.0000000000
  Number of electron pairs (from Muller 2EDM)          =        3486.0000000000
 
Number of ECP-modeled core electrons based on atomic numbers and nuclear charges
specified in the wavefunction file = 28       
Number of ECP-modeled core electrons specified in the wavefunction file = 28       
 
The wavefunction file contains additional electron density function data to represent
the electron density distribution of ECP-modeled core electrons.  Note that only
properties that are expressible in terms of the electron density distribution include
contributions from these additional core density distributions.
 
Nuclear Charges and Cartesian Coordinates:
-------------------------------------------------------------------------------
Atom      Charge                X                  Y                  Z
-------------------------------------------------------------------------------
N1         7.0          -4.1721919096E-03  -7.1430877078E+00   0.0000000000E+00
H2         1.0           8.8330733080E-01  -7.8310294331E+00   1.5460567589E+00
H3         1.0           8.8330733080E-01  -7.8310294331E+00  -1.5460567589E+00
H4         1.0          -1.7946632528E+00  -7.8105821293E+00   0.0000000000E+00
I5        53.0           2.9831990770E-03  -2.0522240885E+00   0.0000000000E+00
C6         6.0           2.1536871205E+00   3.3402772422E+00   0.0000000000E+00
N7         7.0           0.0000000000E+00   1.8381777785E+00   0.0000000000E+00
O8         8.0           4.3058696307E+00   2.6151606038E+00   0.0000000000E+00
O9         8.0          -4.3075323203E+00   2.6056983575E+00   0.0000000000E+00
C10        6.0          -2.1569199188E+00   3.3355725759E+00   0.0000000000E+00
C11        6.0          -1.2545695516E+00   6.0284378271E+00   0.0000000000E+00
C12        6.0           1.2453283631E+00   6.0311926118E+00   0.0000000000E+00
H13        1.0           2.5474198622E+00   7.6003888401E+00   0.0000000000E+00
H14        1.0          -2.5601300410E+00   7.5947451189E+00   0.0000000000E+00
 
Some Atomic Properties:
----------------------
  q(A) = Net Charge of Atom A
  L(A) = Lagrangian of Atom A = -(1/4) Times Atomic Integral of the Laplacian of the Electron Density
  K(A) = Electronic Kinetic Energy of Atom A (Hamiltonian Form)
  K_Scaled(A) = K(A) * E(Mol)/K(Mol) = Approximation to Virial-Based Total Energy of Atom A.
  |Mu_Intra(A)| = Magnitude of Intraatomic Dipole Moment of Atom A
--------------------------------------------------------------------------------------------------
Atom A          q(A)              L(A)              K(A)          K_Scaled(A)      |Mu_Intra(A)|
--------------------------------------------------------------------------------------------------
N1       -1.0871848299E+00  1.1480466293E-05  5.4831097752E+01 -7.4396867801E+01  7.5195352489E-02
H2        3.8778758845E-01  2.3712019352E-05  4.6726175076E-01 -6.3399808002E-01  1.7873324168E-01
H3        3.8778758845E-01  2.3712018947E-05  4.6726175076E-01 -6.3399808002E-01  1.7873324168E-01
H4        3.8819298152E-01  2.2902647063E-05  4.6704565114E-01 -6.3370486803E-01  1.7854559370E-01
I5        5.0853998200E-01 -9.2222173611E-06  1.1065714995E+02 -1.5014372671E+02  7.7037587458E-01
C6        1.5581319140E+00  1.1698371091E-03  3.6907074782E+01 -5.0076888409E+01  7.4263491979E-01
N7       -1.3392522463E+00  5.4547531820E-04  5.5150448244E+01 -7.4830174397E+01  3.2285750357E-03
O8       -1.2320579471E+00  5.7940978500E-05  7.5577728297E+01 -1.0254666588E+02  5.5099284469E-01
O9       -1.2321303390E+00  5.7975920532E-05  7.5577686310E+01 -1.0254660891E+02  5.5084763337E-01
C10       1.5577698664E+00  7.1290282521E-04  3.6907102593E+01 -5.0076926144E+01  7.4252256094E-01
C11      -3.1660712400E-02  7.1847082875E-05  3.7904437945E+01 -5.1430147753E+01  1.5025522207E-01
C12      -3.1721599400E-02  2.8679608195E-05  3.7904442269E+01 -5.1430153620E+01  1.5019425945E-01
H13       8.4109431920E-02  1.3526685627E-05  5.8308895996E-01 -7.9115673494E-01  1.2943429752E-01
H14       8.4104267710E-02  1.3521044663E-05  5.8309183666E-01 -7.9116063815E-01  1.2943407322E-01
--------------------------------------------------------------------------------------------------
Total     2.4159463500E-03  2.7442915072E-03  5.2398491809E+02 -7.1096217803E+02
 
Molecular charge q(Mol) from the wfx file:   0.0000000000E+00
Molecular energy E(Mol) from the wfx file:  -7.1096134256E+02
Molecular virial ratio (-V(Mol)/T(Mol)) from the wfx file:   2.3568371025E+00
Note.  K_Scaled(A) = (1+V(Mol)/T(Mol))*K(A)
 
Note.  Potentially significant cumulative integration error.
 
Some Information About the Atomic Calculations:
----------------------------------------------
  Time(sec) = "Elapsed User Time", in Seconds, for Atom A by AIMInt
  NProc = Number of Processors Used for AIMInt Job
  BIM = Basin Integration Method
  OAQ = Angular Quadrature Outside of Beta Sphere
  ORQ = Multiple of Default for Radial Quadrature Outside of Beta Sphere
  IAQ = Multiple of Default for Angular Quadrature Inside of Beta Sphere
  IRQ = Multiple of Default for Radial Quadrature Inside of Beta Sphere
  MIR = Maximum Integration Radius
------------------------------------------------------------------------------------------------------
Atom A     Time(sec)   NProc      BIM              OAQ                 ORQ      IAQ      IRQ      MIR
------------------------------------------------------------------------------------------------------
N1             42        1     Proaim(5)    120*80    (High)           1.0      1.0      1.0     10.00
H2              9        1     Proaim(5)    72*48     (High)           1.0      1.0      1.0     10.00
H3             10        1     Proaim(5)    72*48     (High)           1.0      1.0      1.0     10.00
H4             10        1     Proaim(5)    72*48     (High)           1.0      1.0      1.0     10.00
I5            103        1     Proaim(5)    96*64     (High)           1.0      1.0      1.0     10.00
C6             60        1     Proaim(5)    120*80    (High)           1.0      1.0      1.0     10.00
N7             98        1     Proaim(5)    120*80    (High)           1.0      1.0      1.0     10.00
O8             56        1     Proaim(5)    96*64     (High)           1.0      1.0      1.0     10.00
O9             63        1     Proaim(5)    96*64     (High)           1.0      1.0      1.0     10.00
C10            57        1     Proaim(5)    120*80    (High)           1.0      1.0      1.0     10.00
C11            66        1     Proaim(5)    120*80    (High)           1.0      1.0      1.0     10.00
C12            78        1     Proaim(5)    120*80    (High)           1.0      1.0      1.0     10.00
H13            17        1     Proaim(5)    72*48     (High)           1.0      1.0      1.0     10.00
H14            17        1     Proaim(5)    72*48     (High)           1.0      1.0      1.0     10.00
------------------------------------------------------------------------------------------------------
Total         686
Note:  Total wall clock time is less than Total of atomic times if more than one atom
       was calculated at a time
 
Electron Density Critical Point Analysis of Molecular Structure:               
---------------------------------------------------------------                
  NACP = Nuclear Attractor Critical Point                                      
  NNACP = Non-Nuclear Attractor Critical Point                                 
  BCP = Bond Critical Point                                                    
  RCP = Ring Critical Point                                                    
  CCP = Cage Critical Point                                                    
  Rho = Electron Density                                                       
  GradRho = Gradient of Electron Density                                       
  HessRho_EigVals = Eigenvalues of the Hessian of Rho, Ascending Order         
  HessRho_EigVecs = Eigenvectors of the Hessian of Rho                         
  DelSqRho = Laplacian of Rho = Trace of Hessian of Rho                        
  Bond Ellipticity = (HessRho_EigVal(1) / HessRho_EigVal(2)) - 1               
  V = Virial Field = Potential Energy Density = Trace of Stress Tensor         
  G = Lagrangian Form of Kinetic Energy Density                                
  K = Hamiltonian Form of Kinetic Energy Density                               
  L = K - G = Lagrangian Density = (-1/4)DelSqRho                              
  Vnuc = Electrostatic Potential from Nuclei                                   
  Ven = Electron-nuclear attractive contribution to Virial Field V             
  Vrep = V - Ven = Repulsive contribution to Virial Field V                    
  DelSqV = Laplacian of V                                                      
  DelSqVen = Laplacian of Ven                                                  
  DelSqVrep = Laplacian of Vrep                                                
  DelSqG = Laplacian of G                                                      
  DelSqK = Laplacian of K                                                      
  Stress_EigVals = Eigenvalues of Stress Tensor, Ascending Order               
  Stress_EigVecs = Eigenvectors of Stress Tensor                               
  -DivStress = Ehrenfest Force Density = Minus Divergence of Stress Tensor     
  BP = Bond Path                                                               
  BPL = Bond Path Length                                                       
  GBL = Geometric Bond Length                                                  
  GBL_I = Distance Between Nuclear Attractors                                  
  GBL_II = Distance Between Nuclei                                             
  GBL_III = Sum of Distances Between BCP and Nuclear Attractors                
  GBL_IV = Sum of Distances Between BCP and Nuclei                             

CP# 1      Coords = -4.17223838327059E-03 -7.14309391686083E+00 -4.14732029661925E-23
           Type = (3,-3) NACP N1
           Rho =  1.9621230491E+02     Rho at Nucleus =  1.9621229425E+02
           GradRho = -1.1753196073E-13  1.7982321543E-10  6.4090810077E-18
           HessRho_EigVals = -5.5328247495E+05 -5.5328246896E+05 -5.5327283188E+05
           HessRho_EigVec1 =  0.0000000000E+00  0.0000000000E+00  1.0000000000E+00
           HessRho_EigVec2 =  9.9996905137E-01 -7.8674209206E-03  0.0000000000E+00
           HessRho_EigVec3 =  7.8674209206E-03  9.9996905137E-01  0.0000000000E+00
           DelSqRho = -1.6598377758E+06
           Bond Ellipticity = NA
           V = -4.1500882730E+05
           G =  2.4691676769E+01
           K =  4.1498413563E+05
           L =  4.1495944395E+05
           Vnuc =  1.1273604371E+06
           Ven = -2.2120198984E+08
           Vrep =  2.2078698101E+08
           DelSqV =  3.4602495905E+10
           DelSqVen =  1.8712354386E+12
           DelSqVrep = -1.8366329427E+12
           DelSqG =  1.1702492740E+09
           DelSqK = -3.5772745179E+10
           Stress_EigVals = -1.3833758419E+05 -1.3833562230E+05 -1.3833562081E+05
           Stress_EigVec1 =  7.9154663789E-03  9.9996867221E-01  0.0000000000E+00
           Stress_EigVec2 =  9.9996867221E-01 -7.9154663789E-03  0.0000000000E+00
           Stress_EigVec3 =  0.0000000000E+00  0.0000000000E+00  1.0000000000E+00
           -DivStress =  5.2638461971E+02  7.0341432938E+04  4.8078856928E-13

CP# 2      Coords =  8.63454565041569E-01 -7.81674651052121E+00  1.51149676098506E+00
           Type = (3,-3) NACP H2
           Rho =  4.3191846861E-01     Rho at Nucleus =  4.2497003902E-01
           GradRho = -1.3097792436E-14  1.2501122099E-14 -2.2456673023E-14
           HessRho_EigVals = -8.5079281822E+00 -8.4937856762E+00 -7.2252726705E+00
           HessRho_EigVec1 =  8.6614375032E-01 -5.5334465657E-03 -4.9976432920E-01
           HessRho_EigVec2 = -1.7811521729E-01 -9.3770259857E-01 -2.9830991602E-01
           HessRho_EigVec3 =  4.6697962819E-01 -3.4739490151E-01  8.1317083646E-01
           DelSqRho = -2.4226986529E+01
           Bond Ellipticity = NA
           V = -6.0938129557E+00
           G =  1.8533161742E-02
           K =  6.0752797939E+00
           L =  6.0567466322E+00
           Vnuc =  4.0966872722E+01
           Ven = -1.7694348930E+01
           Vrep =  1.1600535974E+01
           DelSqV =  1.5138171513E+03
           DelSqVen =  9.9250387357E+02
           DelSqVrep =  5.2131327774E+02
           DelSqG =  1.1455114375E+02
           DelSqK = -1.6283682951E+03
           Stress_EigVals = -2.1434401983E+00 -2.1383620869E+00 -1.8120106705E+00
           Stress_EigVec1 =  1.7684336128E-01  9.3989963892E-01  2.9208747717E-01
           Stress_EigVec2 =  8.6578217335E-01 -7.4019583047E-03 -5.0036630514E-01
           Stress_EigVec3 =  4.6813209020E-01 -3.4137059007E-01  8.1505733931E-01
           -DivStress =  1.0012962091E+01 -7.2018787387E+00  1.7430697943E+01

CP# 3      Coords =  8.63454565041569E-01 -7.81674651052121E+00 -1.51149676098506E+00
           Type = (3,-3) NACP H3
           Rho =  4.3191846861E-01     Rho at Nucleus =  4.2497003902E-01
           GradRho = -1.3103227000E-14  1.2492502692E-14  2.2419024102E-14
           HessRho_EigVals = -8.5079281822E+00 -8.4937856762E+00 -7.2252726705E+00
           HessRho_EigVec1 =  8.6614375032E-01 -5.5334465655E-03  4.9976432920E-01
           HessRho_EigVec2 = -1.7811521729E-01 -9.3770259857E-01  2.9830991602E-01
           HessRho_EigVec3 = -4.6697962819E-01  3.4739490151E-01  8.1317083646E-01
           DelSqRho = -2.4226986529E+01
           Bond Ellipticity = NA
           V = -6.0938129557E+00
           G =  1.8533161742E-02
           K =  6.0752797939E+00
           L =  6.0567466322E+00
           Vnuc =  4.0966872722E+01
           Ven = -1.7694348930E+01
           Vrep =  1.1600535974E+01
           DelSqV =  1.5138171513E+03
           DelSqVen =  9.9250387357E+02
           DelSqVrep =  5.2131327774E+02
           DelSqG =  1.1455114375E+02
           DelSqK = -1.6283682951E+03
           Stress_EigVals = -2.1434401983E+00 -2.1383620869E+00 -1.8120106705E+00
           Stress_EigVec1 =  1.7684336128E-01  9.3989963892E-01 -2.9208747717E-01
           Stress_EigVec2 =  8.6578217335E-01 -7.4019583047E-03  5.0036630514E-01
           Stress_EigVec3 = -4.6813209020E-01  3.4137059007E-01  8.1505733931E-01
           -DivStress =  1.0012962091E+01 -7.2018787387E+00 -1.7430697943E+01

CP# 4      Coords = -1.75462314181897E+00 -7.79675642577102E+00 -1.82351893436493E-20
           Type = (3,-3) NACP H4
           Rho =  4.3180837312E-01     Rho at Nucleus =  4.2485572644E-01
           GradRho =  2.7964611421E-12  9.7792222454E-13  1.9880374983E-18
           HessRho_EigVals = -8.5048138732E+00 -8.4906803778E+00 -7.2217294555E+00
           HessRho_EigVec1 =  0.0000000000E+00  0.0000000000E+00  1.0000000000E+00
           HessRho_EigVec2 = -3.3650873140E-01  9.4168034581E-01  0.0000000000E+00
           HessRho_EigVec3 =  9.4168034581E-01  3.3650873140E-01  0.0000000000E+00
           DelSqRho = -2.4217223707E+01
           Bond Ellipticity = NA
           V = -6.0913729548E+00
           G =  1.8533514083E-02
           K =  6.0728394407E+00
           L =  6.0543059266E+00
           Vnuc =  4.0987890517E+01
           Ven = -1.7698914322E+01
           Vrep =  1.1607541367E+01
           DelSqV =  1.5130898032E+03
           DelSqVen =  9.9261291392E+02
           DelSqVrep =  5.2047688932E+02
           DelSqG =  1.1448904756E+02
           DelSqK = -1.6275788508E+03
           Stress_EigVals = -2.1426621174E+00 -2.1375836521E+00 -1.8111271853E+00
           Stress_EigVec1 = -3.3040892358E-01  9.4383787973E-01  0.0000000000E+00
           Stress_EigVec2 =  0.0000000000E+00  0.0000000000E+00  1.0000000000E+00
           Stress_EigVec3 =  9.4383787973E-01  3.3040892358E-01  0.0000000000E+00
           -DivStress = -2.0186010276E+01 -6.9682398741E+00 -5.1807316368E-18

CP# 5      Coords =  2.98319907703100E-03 -2.05222408851400E+00  7.77747028797807E-34
           Type = (3,-3) NACP I5
           Rho =  7.0581251324E+05     Rho at Nucleus =  7.0581251324E+05
           GradRho = -5.8202112649E-07  3.3317585476E-03 -2.4373292020E-20
           HessRho_EigVals = -2.4050616960E+13 -2.4050616960E+13 -2.4050616960E+13
           HessRho_EigVec1 = -5.2422049157E-04  9.9999986260E-01  0.0000000000E+00
           HessRho_EigVec2 =  0.0000000000E+00  0.0000000000E+00  1.0000000000E+00
           HessRho_EigVec3 =  9.9999986260E-01  5.2422049157E-04  0.0000000000E+00
           DelSqRho = -7.2151850881E+13
           Bond Ellipticity = NA
           V = -1.2089874822E+03
           G =  7.2276305035E+00
           K =  1.2017598517E+03
           L =  1.8037962720E+13
           Vnuc =  5.3000000099E+09
           Ven = -3.7408063272E+15
           Vrep =  3.7408063272E+15
           DelSqV =  5.7880134950E+07
           DelSqVen =  1.1222418999E+32
           DelSqVrep = -1.1222418999E+32
           DelSqG =  7.6544751231E+06
           DelSqK = -6.5534610073E+07
           Stress_EigVals = -4.0302395778E+02 -4.0301804039E+02 -4.0294548406E+02
           Stress_EigVec1 =  9.9999973913E-01  7.2231906743E-04  0.0000000000E+00
           Stress_EigVec2 =  0.0000000000E+00  0.0000000000E+00  1.0000000000E+00
           Stress_EigVec3 = -7.2231906743E-04  9.9999973913E-01  0.0000000000E+00
           -DivStress = -6.7889667043E-02  8.3781873350E+01  8.9087043452E-18

CP# 6      Coords =  2.15368534419243E+00  3.34027592255569E+00  2.71432161323230E-27
           Type = (3,-3) NACP C6
           Rho =  1.2119776096E+02     Rho at Nucleus =  1.2119776035E+02
           GradRho = -1.5871859382E-11 -4.1655054406E-11 -2.6144748452E-21
           HessRho_EigVals = -2.4872504753E+05 -2.4872269658E+05 -2.4872127597E+05
           HessRho_EigVec1 =  0.0000000000E+00  0.0000000000E+00  1.0000000000E+00
           HessRho_EigVec2 =  6.1387817423E-01  7.8940077730E-01  0.0000000000E+00
           HessRho_EigVec3 =  7.8940077730E-01 -6.1387817423E-01  0.0000000000E+00
           DelSqRho = -7.4616902009E+05
           Bond Ellipticity = NA
           V = -1.8655638939E+05
           G =  7.0671845429E+00
           K =  1.8654932221E+05
           L =  1.8654225502E+05
           Vnuc =  2.7113930269E+06
           Ven = -3.2861476395E+08
           Vrep =  3.2842820756E+08
           DelSqV =  1.1222950819E+10
           DelSqVen =  2.0231574651E+12
           DelSqVrep = -2.0119345143E+12
           DelSqG =  3.8285469621E+08
           DelSqK = -1.1605805516E+10
           Stress_EigVals = -6.2186130904E+04 -6.2185547657E+04 -6.2184710830E+04
           Stress_EigVec1 =  8.6119717281E-01 -5.0827101977E-01  0.0000000000E+00
           Stress_EigVec2 =  5.0827101977E-01  8.6119717281E-01  0.0000000000E+00
           Stress_EigVec3 =  0.0000000000E+00  0.0000000000E+00  1.0000000000E+00
           -DivStress =  6.5305075405E+03  4.8457655095E+03 -9.2187286423E-18

CP# 7      Coords = -2.03720223553413E-09  1.83817897721398E+00  1.06566433670387E-25
           Type = (3,-3) NACP N7
           Rho =  1.9616322208E+02     Rho at Nucleus =  1.9616322168E+02
           GradRho = -1.0748938124E-11  6.3385248198E-09 -3.2516746823E-20
           HessRho_EigVals = -5.5306370643E+05 -5.5306258869E+05 -5.5305280902E+05
           HessRho_EigVec1 = -5.4673057946E-04  9.9999985054E-01  0.0000000000E+00
           HessRho_EigVec2 =  9.9999985054E-01  5.4673057946E-04  0.0000000000E+00
           HessRho_EigVec3 =  0.0000000000E+00  0.0000000000E+00  1.0000000000E+00
           DelSqRho = -1.6591791041E+06
           Bond Ellipticity = NA
           V = -4.1484370544E+05
           G =  2.4464702335E+01
           K =  4.1481924074E+05
           L =  4.1479477604E+05
           Vnuc =  5.8395701067E+06
           Ven = -1.1455088877E+09
           Vrep =  1.1450940440E+09
           DelSqV =  3.4588524772E+10
           DelSqVen =  9.6888932270E+12
           DelSqVrep = -9.6543047022E+12
           DelSqG =  1.1696113639E+09
           DelSqK = -3.5758136136E+10
           Stress_EigVals = -1.3828274052E+05 -1.3828068140E+05 -1.3828028352E+05
           Stress_EigVec1 =  0.0000000000E+00  0.0000000000E+00  1.0000000000E+00
           Stress_EigVec2 =  9.9999965683E-01  8.2846089736E-04  0.0000000000E+00
           Stress_EigVec3 = -8.2846089736E-04  9.9999965683E-01  0.0000000000E+00
           -DivStress =  2.3151055172E+01 -1.3593193736E+04 -1.1443850603E-15

CP# 8      Coords =  4.30586243868943E+00  2.61516286670734E+00  8.42014065116359E-27
           Type = (3,-3) NACP O8
           Rho =  2.9847761096E+02     Rho at Nucleus =  2.9847757929E+02
           GradRho = -5.1964382450E-11  2.3117031900E-10 -3.4788188591E-21
           HessRho_EigVals = -1.1142922841E+06 -1.1142850740E+06 -1.1142609282E+06
           HessRho_EigVec1 =  0.0000000000E+00  0.0000000000E+00  1.0000000000E+00
           HessRho_EigVec2 =  9.5367498361E-01 -3.0083886988E-01  0.0000000000E+00
           HessRho_EigVec3 =  3.0083886988E-01  9.5367498361E-01  0.0000000000E+00
           DelSqRho = -3.3428382862E+06
           Bond Ellipticity = NA
           V = -8.3583903646E+05
           G =  6.4732454529E+01
           K =  8.3577430401E+05
           L =  8.3570957155E+05
           Vnuc =  1.0610851409E+06
           Ven = -3.1671015787E+08
           Vrep =  3.1587431884E+08
           DelSqV =  9.3460916635E+10
           DelSqVen =  3.5470360381E+12
           DelSqVrep = -3.4535751215E+12
           DelSqG =  3.1203777217E+09
           DelSqK = -9.6581294357E+10
           Stress_EigVals = -2.7861771418E+05 -2.7861136433E+05 -2.7860995795E+05
           Stress_EigVec1 =  3.0031755740E-01  9.5383927615E-01  0.0000000000E+00
           Stress_EigVec2 =  9.5383927615E-01 -3.0031755740E-01  0.0000000000E+00
           Stress_EigVec3 =  0.0000000000E+00  0.0000000000E+00  1.0000000000E+00
           -DivStress =  2.2006367711E+05 -6.9249741588E+04 -2.4444138368E-16

CP# 9      Coords = -4.30752513360295E+00  2.60570063605641E+00 -5.32284580124957E-27
           Type = (3,-3) NACP O9
           Rho =  2.9847733484E+02     Rho at Nucleus =  2.9847730317E+02
           GradRho =  8.9106319545E-11 -3.0382640848E-13  1.3588300773E-20
           HessRho_EigVals = -1.1142910402E+06 -1.1142838371E+06 -1.1142596899E+06
           HessRho_EigVec1 =  0.0000000000E+00  0.0000000000E+00  1.0000000000E+00
           HessRho_EigVec2 =  9.5299961133E-01  3.0297151813E-01  0.0000000000E+00
           HessRho_EigVec3 = -3.0297151813E-01  9.5299961133E-01  0.0000000000E+00
           DelSqRho = -3.3428345671E+06
           Bond Ellipticity = NA
           V = -8.3583810667E+05
           G =  6.4732447390E+01
           K =  8.3577337422E+05
           L =  8.3570864178E+05
           Vnuc =  1.0611304225E+06
           Ven = -3.1672338043E+08
           Vrep =  3.1588754233E+08
           DelSqV =  9.3460812129E+10
           DelSqVen =  3.5471834522E+12
           DelSqVrep = -3.4537226400E+12
           DelSqG =  3.1203736667E+09
           DelSqK = -9.6581185796E+10
           Stress_EigVals = -2.7861740388E+05 -2.7861105374E+05 -2.7860964905E+05
           Stress_EigVec1 = -3.0244144337E-01  9.5316796701E-01  0.0000000000E+00
           Stress_EigVec2 =  9.5316796701E-01  3.0244144337E-01  0.0000000000E+00
           Stress_EigVec3 =  0.0000000000E+00  0.0000000000E+00  1.0000000000E+00
           -DivStress = -2.1990200732E+05 -6.9728749962E+04  1.5486811339E-16

CP# 10     Coords = -2.15691814124679E+00  3.33557125927156E+00 -4.38615476551346E-27
           Type = (3,-3) NACP C10
           Rho =  1.2119766891E+02     Rho at Nucleus =  1.2119766831E+02
           GradRho =  4.8603177039E-11 -5.0903677107E-11  1.1896171403E-21
           HessRho_EigVals = -2.4872477069E+05 -2.4872241868E+05 -2.4872099871E+05
           HessRho_EigVec1 =  0.0000000000E+00  0.0000000000E+00  1.0000000000E+00
           HessRho_EigVec2 = -6.1574203743E-01  7.8794780496E-01  0.0000000000E+00
           HessRho_EigVec3 =  7.8794780496E-01  6.1574203743E-01  0.0000000000E+00
           DelSqRho = -7.4616818808E+05
           Bond Ellipticity = NA
           V = -1.8655618162E+05
           G =  7.0672981289E+00
           K =  1.8654911432E+05
           L =  1.8654204702E+05
           Vnuc =  2.7123681126E+06
           Ven = -3.2873269248E+08
           Vrep =  3.2854613630E+08
           DelSqV =  1.1222938130E+10
           DelSqVen =  2.0238828012E+12
           DelSqVrep = -2.0126598630E+12
           DelSqG =  3.8285413382E+08
           DelSqK = -1.1605792264E+10
           Stress_EigVals = -6.2186061587E+04 -6.2185478576E+04 -6.2184641453E+04
           Stress_EigVec1 =  8.6004490325E-01  5.1021834972E-01  0.0000000000E+00
           Stress_EigVec2 = -5.1021834972E-01  8.6004490325E-01  0.0000000000E+00
           Stress_EigVec3 =  0.0000000000E+00  0.0000000000E+00  1.0000000000E+00
           -DivStress = -6.5350668739E+03  4.8346551408E+03  1.5301536175E-17

CP# 11     Coords = -1.25457108384603E+00  6.02843687533099E+00  5.43514620829609E-28
           Type = (3,-3) NACP C11
           Rho =  1.2118411366E+02     Rho at Nucleus =  1.2118411326E+02
           GradRho = -6.0018469818E-09 -3.8234804398E-09 -3.8724197944E-22
           HessRho_EigVals = -2.4869859345E+05 -2.4869661226E+05 -2.4869524165E+05
           HessRho_EigVec1 =  0.0000000000E+00  0.0000000000E+00  1.0000000000E+00
           HessRho_EigVec2 =  1.4543528213E-01  9.8936776717E-01  0.0000000000E+00
           HessRho_EigVec3 =  9.8936776717E-01 -1.4543528213E-01  0.0000000000E+00
           DelSqRho = -7.4609044735E+05
           Bond Ellipticity = NA
           V = -1.8653768932E+05
           G =  7.5387428639E+00
           K =  1.8653015058E+05
           L =  1.8652261184E+05
           Vnuc =  3.3263350527E+06
           Ven = -4.0309896511E+08
           Vrep =  4.0291242742E+08
           DelSqV =  1.1221805106E+10
           DelSqVen =  2.4817468047E+12
           DelSqVrep = -2.4705249996E+12
           DelSqG =  3.8281912660E+08
           DelSqK = -1.1604624233E+10
           Stress_EigVals = -6.2179764919E+04 -6.2179320876E+04 -6.2178603528E+04
           Stress_EigVec1 =  9.8452123251E-01 -1.7526534948E-01  0.0000000000E+00
           Stress_EigVec2 =  1.7526534948E-01  9.8452123251E-01  0.0000000000E+00
           Stress_EigVec3 =  0.0000000000E+00  0.0000000000E+00  1.0000000000E+00
           -DivStress =  5.6292454384E+03  3.4966569506E+03 -1.8823711506E-18

CP# 12     Coords =  1.24532989768247E+00  6.03119166329647E+00  2.00992709045759E-28
           Type = (3,-3) NACP C12
           Rho =  1.2118422029E+02     Rho at Nucleus =  1.2118421989E+02
           GradRho =  5.9901362607E-09 -3.6713504518E-09 -2.2291977001E-22
           HessRho_EigVals = -2.4869888707E+05 -2.4869690578E+05 -2.4869553499E+05
           HessRho_EigVec1 =  0.0000000000E+00  0.0000000000E+00  1.0000000000E+00
           HessRho_EigVec2 = -1.4764536021E-01  9.8904036703E-01  0.0000000000E+00
           HessRho_EigVec3 =  9.8904036703E-01  1.4764536021E-01  0.0000000000E+00
           DelSqRho = -7.4609132784E+05
           Bond Ellipticity = NA
           V = -1.8653790927E+05
           G =  7.5386572782E+00
           K =  1.8653037062E+05
           L =  1.8652283196E+05
           Vnuc =  3.3258713421E+06
           Ven = -4.0304312538E+08
           Vrep =  4.0285658747E+08
           DelSqV =  1.1221818488E+10
           DelSqVen =  2.4814037729E+12
           DelSqVrep = -2.4701819544E+12
           DelSqG =  3.8281969166E+08
           DelSqK = -1.1604638180E+10
           Stress_EigVals = -6.2179838280E+04 -6.2179394159E+04 -6.2178676836E+04
           Stress_EigVec1 =  9.8412928030E-01  1.7745297870E-01  0.0000000000E+00
           Stress_EigVec2 = -1.7745297870E-01  9.8412928030E-01  0.0000000000E+00
           Stress_EigVec3 =  0.0000000000E+00  0.0000000000E+00  1.0000000000E+00
           -DivStress = -5.6377318132E+03  3.4847475283E+03 -7.0923752218E-19

CP# 13     Coords =  2.52586902355738E+00  7.57451749632863E+00 -9.15070111406581E-26
           Type = (3,-3) NACP H13
           Rho =  4.3322502474E-01     Rho at Nucleus =  4.2859819700E-01
           GradRho = -2.6330517221E-14 -3.6017141960E-14  5.4808263669E-24
           HessRho_EigVals = -8.7057123352E+00 -8.6975374038E+00 -7.8188082325E+00
           HessRho_EigVec1 =  7.7026177259E-01 -6.3772784296E-01  0.0000000000E+00
           HessRho_EigVec2 =  0.0000000000E+00  0.0000000000E+00  1.0000000000E+00
           HessRho_EigVec3 =  6.3772784296E-01  7.7026177259E-01  0.0000000000E+00
           DelSqRho = -2.5222057972E+01
           Bond Ellipticity = NA
           V = -6.3196041750E+00
           G =  7.0448410825E-03
           K =  6.3125593340E+00
           L =  6.3055144929E+00
           Vnuc =  4.6285187335E+01
           Ven = -2.0051901428E+01
           Vrep =  1.3732297253E+01
           DelSqV =  1.6130751400E+03
           DelSqVen =  1.1674076782E+03
           DelSqVrep =  4.4566746178E+02
           DelSqG =  1.2294176781E+02
           DelSqK = -1.7360169078E+03
           Stress_EigVals = -2.1817310846E+00 -2.1809622383E+00 -1.9569108521E+00
           Stress_EigVec1 =  7.6912388360E-01 -6.3909971967E-01  0.0000000000E+00
           Stress_EigVec2 =  0.0000000000E+00  0.0000000000E+00  1.0000000000E+00
           Stress_EigVec3 =  6.3909971967E-01  7.6912388360E-01  0.0000000000E+00
           -DivStress =  1.1340155056E+01  1.3612135772E+01  3.7296762958E-23

CP# 14     Coords = -2.53852206590705E+00  7.56892154411968E+00 -4.82205666655816E-26
           Type = (3,-3) NACP H14
           Rho =  4.3322610704E-01     Rho at Nucleus =  4.2859928159E-01
           GradRho =  2.7284710000E-14 -2.9779238971E-14  4.3219412781E-24
           HessRho_EigVals = -8.7057353016E+00 -8.6975580750E+00 -7.8188291673E+00
           HessRho_EigVec1 =  7.6884840625E-01  6.3943109732E-01  0.0000000000E+00
           HessRho_EigVec2 =  0.0000000000E+00  0.0000000000E+00  1.0000000000E+00
           HessRho_EigVec3 = -6.3943109732E-01  7.6884840625E-01  0.0000000000E+00
           DelSqRho = -2.5222122544E+01
           Bond Ellipticity = NA
           V = -6.3196209180E+00
           G =  7.0451410256E-03
           K =  6.3125757770E+00
           L =  6.3055306360E+00
           Vnuc =  4.6285851778E+01
           Ven = -2.0052239377E+01
           Vrep =  1.3732618459E+01
           DelSqV =  1.6130795723E+03
           DelSqVen =  1.1674274256E+03
           DelSqVrep =  4.4565214672E+02
           DelSqG =  1.2294209889E+02
           DelSqK = -1.7360216712E+03
           Stress_EigVals = -2.1817369121E+00 -2.1809676082E+00 -1.9569163977E+00
           Stress_EigVec1 =  7.6770739164E-01  6.4080056244E-01  0.0000000000E+00
           Stress_EigVec2 =  0.0000000000E+00  0.0000000000E+00  1.0000000000E+00
           Stress_EigVec3 = -6.4080056244E-01  7.6770739164E-01  0.0000000000E+00
           -DivStress = -1.1370247065E+01  1.3587027077E+01  1.7228465731E-23

CP# 15     Coords = -3.97976878030342E-04 -4.65431970707533E+00 -2.49488550978376E-13
           Type = (3,-1) BCP I5 N1
           Rho =  3.3340136214E-02
           GradRho =  3.5072387771E-15  4.7389934858E-15  6.4521126788E-15
           HessRho_EigVals = -2.5980314354E-02 -2.5861685415E-02  1.3745832011E-01
           HessRho_EigVec1 =  9.9999977695E-01 -6.6790055734E-04  0.0000000000E+00
           HessRho_EigVec2 =  0.0000000000E+00  0.0000000000E+00  1.0000000000E+00
           HessRho_EigVec3 =  6.6790055734E-04  9.9999977695E-01  0.0000000000E+00
           DelSqRho =  8.5616320342E-02
           Bond Ellipticity =  4.5870536683E-03
           V = -2.5424811801E-02
           G =  2.3413368352E-02
           K =  2.0114434493E-03
           L = -2.1404080085E-02
           Vnuc =  2.9703151532E+01
           Ven = -9.9030711804E-01
           Vrep =  9.6488230624E-01
           DelSqV = -1.4073934408E-01
           DelSqVen = -2.5430745367E+00
           DelSqVrep =  2.4023351926E+00
           DelSqG =  8.7172723695E-02
           DelSqK =  5.3566620385E-02
           Stress_EigVals = -1.2115719963E-02 -1.2095967637E-02 -1.2131242013E-03
           Stress_EigVec1 =  0.0000000000E+00  0.0000000000E+00  1.0000000000E+00
           Stress_EigVec2 =  9.9999914945E-01 -1.3042647828E-03  0.0000000000E+00
           Stress_EigVec3 =  1.3042647828E-03  9.9999914945E-01  0.0000000000E+00
           -DivStress =  1.0565553967E-05  1.0246338494E-02  2.1631743654E-15
           BPL =  5.0917783068E+00 =  2.6030000000E+00 +  2.4887783068E+00      
           GBL_I =  5.0917768322E+00                                            
           GBL_II =  5.0908686478E+00                                           
           GBL_III =  5.0917768621E+00 =  2.6029997905E+00 +  2.4887770716E+00  
           GBL_IV =  5.0908686778E+00 =  2.6020978153E+00 +  2.4887708625E+00   

CP# 16     Coords =  6.52125882977560E-01 -7.65597714162794E+00  1.14342274658854E+00
           Type = (3,-1) BCP H2 N1
           Rho =  3.5000764703E-01
           GradRho = -2.1570202222E-16  1.0649575839E-16  9.4434009223E-17
           HessRho_EigVals = -1.3633770551E+00 -1.3229685751E+00  8.0084331056E-01
           HessRho_EigVec1 =  8.6597448164E-01 -6.6058099902E-03 -5.0004455844E-01
           HessRho_EigVec2 = -1.8597827265E-01 -9.3244946200E-01 -3.0975810389E-01
           HessRho_EigVec3 =  4.6422007632E-01 -3.6124003668E-01  8.0870597664E-01
           DelSqRho = -1.8855023196E+00
           Bond Ellipticity =  3.0543794220E-02
           V = -5.8670477277E-01
           G =  5.7664596433E-02
           K =  5.2904017634E-01
           L =  4.7137557991E-01
           Vnuc =  2.1131458498E+01
           Ven = -7.3961720672E+00
           Vrep =  6.8094672944E+00
           DelSqV = -9.8257700059E-01
           DelSqVen =  3.9843414015E+01
           DelSqVrep = -4.0825991016E+01
           DelSqG =  3.5742928488E+00
           DelSqK = -2.5917158482E+00
           Stress_EigVals = -3.9279288972E-01 -3.8063330259E-01  1.8672141954E-01
           Stress_EigVec1 =  1.8318377386E-01  9.3487255076E-01  3.0406745770E-01
           Stress_EigVec2 =  8.6589891828E-01 -6.9882798667E-03 -5.0017019830E-01
           Stress_EigVec3 =  4.6547048060E-01 -3.5491474720E-01  8.1078526991E-01
           -DivStress =  6.1449182807E-01 -4.6559940487E-01  1.0703363992E+00
           BPL =  1.8685292501E+00 =  4.5386138139E-01 +  1.4146678687E+00      
           GBL_I =  1.8684770658E+00                                            
           GBL_II =  1.9108048625E+00                                           
           GBL_III =  1.8684907308E+00 =  4.5385579418E-01 +  1.4146349366E+00  
           GBL_IV =  1.9108249476E+00 =  4.9618778144E-01 +  1.4146371662E+00   

CP# 17     Coords =  6.52125882977560E-01 -7.65597714162794E+00 -1.14342274658854E+00
           Type = (3,-1) BCP N1 H3
           Rho =  3.5000764703E-01
           GradRho = -1.1966881479E-17 -1.8973538018E-17 -8.3700407716E-17
           HessRho_EigVals = -1.3633770551E+00 -1.3229685751E+00  8.0084331056E-01
           HessRho_EigVec1 =  8.6597448164E-01 -6.6058099902E-03  5.0004455844E-01
           HessRho_EigVec2 = -1.8597827265E-01 -9.3244946200E-01  3.0975810389E-01
           HessRho_EigVec3 = -4.6422007632E-01  3.6124003668E-01  8.0870597664E-01
           DelSqRho = -1.8855023196E+00
           Bond Ellipticity =  3.0543794220E-02
           V = -5.8670477277E-01
           G =  5.7664596433E-02
           K =  5.2904017634E-01
           L =  4.7137557991E-01
           Vnuc =  2.1131458498E+01
           Ven = -7.3961720672E+00
           Vrep =  6.8094672944E+00
           DelSqV = -9.8257700059E-01
           DelSqVen =  3.9843414015E+01
           DelSqVrep = -4.0825991016E+01
           DelSqG =  3.5742928488E+00
           DelSqK = -2.5917158482E+00
           Stress_EigVals = -3.9279288972E-01 -3.8063330259E-01  1.8672141954E-01
           Stress_EigVec1 =  1.8318377386E-01  9.3487255076E-01 -3.0406745770E-01
           Stress_EigVec2 =  8.6589891828E-01 -6.9882798667E-03  5.0017019830E-01
           Stress_EigVec3 = -4.6547048060E-01  3.5491474720E-01  8.1078526991E-01
           -DivStress =  6.1449182807E-01 -4.6559940487E-01 -1.0703363992E+00
           BPL =  1.8685292501E+00 =  1.4146678687E+00 +  4.5386138139E-01      
           GBL_I =  1.8684770658E+00                                            
           GBL_II =  1.9108048625E+00                                           
           GBL_III =  1.8684907308E+00 =  1.4146349366E+00 +  4.5385579418E-01  
           GBL_IV =  1.9108249476E+00 =  1.4146371662E+00 +  4.9618778144E-01   

CP# 18     Coords = -1.32849811016762E+00 -7.64094250589558E+00 -1.25409892893669E-18
           Type = (3,-1) BCP N1 H4
           Rho =  3.4998036581E-01
           GradRho =  8.4357954649E-13  3.2415807235E-13  3.5806583362E-18
           HessRho_EigVals = -1.3634618646E+00 -1.3230402601E+00  8.0030226487E-01
           HessRho_EigVec1 =  0.0000000000E+00  0.0000000000E+00  1.0000000000E+00
           HessRho_EigVec2 = -3.5048657503E-01  9.3656775554E-01  0.0000000000E+00
           HessRho_EigVec3 =  9.3656775554E-01  3.5048657503E-01  0.0000000000E+00
           DelSqRho = -1.8861998597E+00
           Bond Ellipticity =  3.0552059312E-02
           V = -5.8683221007E-01
           G =  5.7641122566E-02
           K =  5.2919108750E-01
           L =  4.7154996494E-01
           Vnuc =  2.1157754975E+01
           Ven = -7.4047988258E+00
           Vrep =  6.8179666157E+00
           DelSqV = -9.6655315166E-01
           DelSqVen =  3.9907754466E+01
           DelSqVrep = -4.0874307618E+01
           DelSqG =  3.5738564895E+00
           DelSqK = -2.6073033378E+00
           Stress_EigVals = -3.9279189672E-01 -3.8063364359E-01  1.8659333024E-01
           Stress_EigVec1 = -3.4411345969E-01  9.3892807332E-01  0.0000000000E+00
           Stress_EigVec2 =  0.0000000000E+00  0.0000000000E+00  1.0000000000E+00
           Stress_EigVec3 =  9.3892807332E-01  3.4411345969E-01  0.0000000000E+00
           -DivStress = -1.2400231854E+00 -4.5164400943E-01  6.1873404826E-18
           BPL =  1.8685688317E+00 =  1.4148446475E+00 +  4.5372418421E-01      
           GBL_I =  1.8685162672E+00                                            
           GBL_II =  1.9108655217E+00                                           
           GBL_III =  1.8685302777E+00 =  1.4148117303E+00 +  4.5371854737E-01  
           GBL_IV =  1.9108860725E+00 =  1.4148139587E+00 +  4.9607211374E-01   

CP# 19     Coords =  1.57055231131515E-03 -1.23215131587164E-01 -1.52708562583917E-20
           Type = (3,-1) BCP N7 I5
