cr = struct();
cr.name = "ppv";
cr.a = [  5.94696814019112E+00   1.86440380270498E+01   1.37987802223310E+01 ];
cr.b = [  1.57079632679490E+00   1.57079632679490E+00   1.57079632679490E+00 ];
cr.nat =     20;
cr.ntyp =      3;
cr.r = [
    5.94696814019112E+00   0.00000000000000E+00   0.00000000000000E+00
    1.14161807465040E-15   1.86440380270498E+01   0.00000000000000E+00
    8.44931601570771E-16   8.44931601570771E-16   1.37987802223310E+01
  ];
cr.g = [
    3.53664300604482E+01   6.78916631821226E-15   5.02478131518203E-15
    6.78916631821226E-15   3.47600153954077E+02   1.57529369099415E-14
    5.02478131518203E-15   1.57529369099415E-14   1.90406335624192E+02
  ];
cr.omega =   1.52994665862987E+03;
cr.ztyp = [ 8 14 20];
cr.attyp = {"O","Si","Ca"};
cr.typ = [ 1 1 1 1 1 1 1 1 1 1 1 1 2 2 2 2 3 3 3 3];
cr.x = [
    0.00000000000000E+00   7.79000000000000E-02   2.50000000000000E-01
    5.00000000000000E-01   5.77900000000000E-01   2.50000000000000E-01
    0.00000000000000E+00   9.22100000000000E-01   7.50000000000000E-01
    5.00000000000000E-01   4.22100000000000E-01   7.50000000000000E-01
    0.00000000000000E+00   3.65800000000000E-01   4.45200000000000E-01
    5.00000000000000E-01   8.65800000000000E-01   4.45200000000000E-01
    0.00000000000000E+00   6.34200000000000E-01   5.54800000000000E-01
    5.00000000000000E-01   1.34200000000000E-01   5.54800000000000E-01
    0.00000000000000E+00   6.34200000000000E-01   9.45200000000000E-01
    5.00000000000000E-01   1.34200000000000E-01   9.45200000000000E-01
    0.00000000000000E+00   3.65800000000000E-01   5.48000000000000E-02
    5.00000000000000E-01   8.65800000000000E-01   5.48000000000000E-02
    0.00000000000000E+00   0.00000000000000E+00   0.00000000000000E+00
    5.00000000000000E-01   5.00000000000000E-01   0.00000000000000E+00
    0.00000000000000E+00   0.00000000000000E+00   5.00000000000000E-01
    5.00000000000000E-01   5.00000000000000E-01   5.00000000000000E-01
    0.00000000000000E+00   7.40200000000000E-01   2.50000000000000E-01
    5.00000000000000E-01   2.40200000000000E-01   2.50000000000000E-01
    0.00000000000000E+00   2.59800000000000E-01   7.50000000000000E-01
    5.00000000000000E-01   7.59800000000000E-01   7.50000000000000E-01
  ];
