cr = struct();
cr.name = "pv";
cr.a = [  9.03005632599405E+00   9.32126312307173E+00   1.30502597010950E+01 ];
cr.b = [  1.57079632679490E+00   1.57079632679490E+00   1.57079632679490E+00 ];
cr.nat =     20;
cr.ntyp =      3;
cr.r = [
    9.03005632599405E+00   0.00000000000000E+00   0.00000000000000E+00
    5.70762752384002E-16   9.32126312307173E+00   0.00000000000000E+00
    7.99097938549382E-16   7.99097938549382E-16   1.30502597010950E+01
  ];
cr.g = [
    8.15419172506251E+01   5.15401980280694E-15   7.21589939508665E-15
    5.15401980280694E-15   8.68859462095369E+01   7.44860214632299E-15
    7.21589939508665E-15   7.44860214632299E-15   1.70309278266023E+02
  ];
cr.omega =   1.09846033939005E+03;
cr.ztyp = [ 8 12 14];
cr.attyp = {"O","Mg","Si"};
cr.typ = [ 1 1 1 1 1 1 1 1 1 1 1 1 2 2 2 2 3 3 3 3];
cr.x = [
    1.00600000000000E-01   4.66200000000000E-01   2.50000000000000E-01
    8.99400000000000E-01   5.33800000000000E-01   7.50000000000000E-01
    6.00600000000000E-01   3.38000000000000E-02   7.50000000000000E-01
    3.99400000000000E-01   9.66200000000000E-01   2.50000000000000E-01
    6.98300000000000E-01   2.95800000000000E-01   5.38000000000000E-02
    6.98300000000000E-01   2.95800000000000E-01   4.46200000000000E-01
    3.01700000000000E-01   7.04200000000000E-01   5.53800000000000E-01
    1.98300000000000E-01   2.04200000000000E-01   5.53800000000000E-01
    8.01700000000000E-01   7.95800000000000E-01   4.46200000000000E-01
    8.01700000000000E-01   7.95800000000000E-01   5.38000000000000E-02
    1.98300000000000E-01   2.04200000000000E-01   9.46200000000000E-01
    3.01700000000000E-01   7.04200000000000E-01   9.46200000000000E-01
    9.86300000000000E-01   5.30000000000000E-02   2.50000000000000E-01
    1.37000000000000E-02   9.47000000000000E-01   7.50000000000000E-01
    4.86300000000000E-01   4.47000000000000E-01   7.50000000000000E-01
    5.13700000000000E-01   5.53000000000000E-01   2.50000000000000E-01
    0.00000000000000E+00   5.00000000000000E-01   0.00000000000000E+00
    0.00000000000000E+00   5.00000000000000E-01   5.00000000000000E-01
    5.00000000000000E-01   0.00000000000000E+00   5.00000000000000E-01
    5.00000000000000E-01   0.00000000000000E+00   0.00000000000000E+00
  ];
