cr = struct();
cr.name = "stdin";
cr.a = [  1.39235021471014E+01   2.32058369118357E+01   1.26536061858023E+01 ];
cr.b = [  1.57079632679490E+00   1.57079632679490E+00   2.09439510239320E+00 ];
cr.nat =     60;
cr.ntyp =      1;
cr.r = [
    1.39235021471014E+01   0.00000000000000E+00   0.00000000000000E+00
   -1.16029184559178E+01   2.00968442817283E+01   0.00000000000000E+00
    7.74809915655695E-16   1.34201014012382E-15   1.26536061858023E+01
  ];
cr.g = [
    1.93863912040338E+02  -1.61553260033615E+02   1.07880675242275E-14
   -1.61553260033615E+02   5.38510866778716E+02   1.79801125403792E-14
    1.07880675242275E-14   1.79801125403792E-14   1.60113749505373E+02
  ];
cr.omega =   3.54071252684644E+03;
cr.ztyp = [ 6];
cr.attyp = {"C"};
cr.typ = [ 1 1 1 1 1 1 1 1 1 1 1 1 1 1 1 1 1 1 1 1 1 1 1 1 1 1 1 1 1 1 1 1 1 1 1 1 1 1 1 1 1 1 1 1 1 1 1 1 1 1 1 1 1 1 1 1 1 1 1 1];
cr.x = [
    0.00000000000000E+00   0.00000000000000E+00   2.50000000000000E-01
    0.00000000000000E+00   0.00000000000000E+00   7.50000000000000E-01
    1.11111110000000E-01   1.33333333400000E-01   2.50000000000000E-01
    2.22222223333333E-01   6.66666666000000E-02   7.50000000000000E-01
    0.00000000000000E+00   2.00000000000000E-01   2.50000000000000E-01
    0.00000000000000E+00   2.00000000000000E-01   7.50000000000000E-01
    1.11111110000000E-01   3.33333333400000E-01   2.50000000000000E-01
    2.22222223333333E-01   2.66666666600000E-01   7.50000000000000E-01
    0.00000000000000E+00   4.00000000000000E-01   2.50000000000000E-01
    0.00000000000000E+00   4.00000000000000E-01   7.50000000000000E-01
    1.11111110000000E-01   5.33333333400000E-01   2.50000000000000E-01
    2.22222223333333E-01   4.66666666600000E-01   7.50000000000000E-01
    0.00000000000000E+00   6.00000000000000E-01   2.50000000000000E-01
    0.00000000000000E+00   6.00000000000000E-01   7.50000000000000E-01
    1.11111110000000E-01   7.33333333400000E-01   2.50000000000000E-01
    2.22222223333333E-01   6.66666666600000E-01   7.50000000000000E-01
    0.00000000000000E+00   8.00000000000000E-01   2.50000000000000E-01
    0.00000000000000E+00   8.00000000000000E-01   7.50000000000000E-01
    1.11111110000000E-01   9.33333333400000E-01   2.50000000000000E-01
    2.22222223333333E-01   8.66666666600000E-01   7.50000000000000E-01
    3.33333333333333E-01   0.00000000000000E+00   2.50000000000000E-01
    3.33333333333333E-01   0.00000000000000E+00   7.50000000000000E-01
    4.44444443333333E-01   1.33333333400000E-01   2.50000000000000E-01
    5.55555556666667E-01   6.66666666000000E-02   7.50000000000000E-01
    3.33333333333333E-01   2.00000000000000E-01   2.50000000000000E-01
    3.33333333333333E-01   2.00000000000000E-01   7.50000000000000E-01
    4.44444443333333E-01   3.33333333400000E-01   2.50000000000000E-01
    5.55555556666667E-01   2.66666666600000E-01   7.50000000000000E-01
    3.33333333333333E-01   4.00000000000000E-01   2.50000000000000E-01
    3.33333333333333E-01   4.00000000000000E-01   7.50000000000000E-01
    4.44444443333333E-01   5.33333333400000E-01   2.50000000000000E-01
    5.55555556666667E-01   4.66666666600000E-01   7.50000000000000E-01
    3.33333333333333E-01   6.00000000000000E-01   2.50000000000000E-01
    3.33333333333333E-01   6.00000000000000E-01   7.50000000000000E-01
    4.44444443333333E-01   7.33333333400000E-01   2.50000000000000E-01
    5.55555556666667E-01   6.66666666600000E-01   7.50000000000000E-01
    3.33333333333333E-01   8.00000000000000E-01   2.50000000000000E-01
    3.33333333333333E-01   8.00000000000000E-01   7.50000000000000E-01
    4.44444443333333E-01   9.33333333400000E-01   2.50000000000000E-01
    5.55555556666667E-01   8.66666666600000E-01   7.50000000000000E-01
    6.66666666666667E-01   0.00000000000000E+00   2.50000000000000E-01
    6.66666666666667E-01   0.00000000000000E+00   7.50000000000000E-01
    7.77777776666667E-01   1.33333333400000E-01   2.50000000000000E-01
    8.88888890000000E-01   6.66666666000000E-02   7.50000000000000E-01
    6.66666666666667E-01   2.00000000000000E-01   2.50000000000000E-01
    6.66666666666667E-01   2.00000000000000E-01   7.50000000000000E-01
    7.77777776666667E-01   3.33333333400000E-01   2.50000000000000E-01
    8.88888890000000E-01   2.66666666600000E-01   7.50000000000000E-01
    6.66666666666667E-01   4.00000000000000E-01   2.50000000000000E-01
    6.66666666666667E-01   4.00000000000000E-01   7.50000000000000E-01
    7.77777776666667E-01   5.33333333400000E-01   2.50000000000000E-01
    8.88888890000000E-01   4.66666666600000E-01   7.50000000000000E-01
    6.66666666666667E-01   6.00000000000000E-01   2.50000000000000E-01
    6.66666666666667E-01   6.00000000000000E-01   7.50000000000000E-01
    7.77777776666667E-01   7.33333333400000E-01   2.50000000000000E-01
    8.88888890000000E-01   6.66666666600000E-01   7.50000000000000E-01
    6.66666666666667E-01   8.00000000000000E-01   2.50000000000000E-01
    6.66666666666667E-01   8.00000000000000E-01   7.50000000000000E-01
    7.77777776666667E-01   9.33333333400000E-01   2.50000000000000E-01
    8.88888890000000E-01   8.66666666600000E-01   7.50000000000000E-01
  ];
